1257426.0 1729257.6 2043812.0
3142889.0 4340566.6 6137083.0
49741.0 1713472.6 2935219.0
758098.0 2738204.0 3637766.0
36172.0 3133582.4 15523224.0
360274.0 1277682.0 4363804.0
237150.0 1713421.2 3361562.0
31982.0 778285.2 1716372.0
103796.0 637187.2 1957598.0
67081.0 825189.0 2063657.0
489716.0 836168.8 1312200.0
68122.0 1361558.8 4570230.0
676834.0 3482035.2 6498270.0
91870.0 1767946.8 4105048.0
279815.0 1114319.0 3374521.0
453686.0 2785686.4 6427952.0
188329.0 2070106.6 7255143.0
168895.0 1221691.0 3109211.0
101185.0 304029.4 489643.0
118755.0 1641469.8 4425169.0
157892.0 1680768.8 4584408.0
185057.0 1490051.0 3190031.0
192616.0 2126495.6 4290958.0
32406.0 1739181.6 6784082.0
32481.0 920891.4 2135277.0