7511206.0 56169402.4 125953634.0
45274037.0 126334275.0 374890983.0
91948423.0 292028038.6 470986601.0
60816886.0 434026838.8 826776516.0
53415194.0 189910038.8 476692102.0

12137448.0 125665984.0 237607628.0
3352612.0 78445870.8 159628584.0
1532562.0 57141825.2 249314768.0
19830866.0 156849426.0 478427326.0
2791745.0 31530295.0 51796321.0

2577112.0 33570129.6 65278764.0
19313844.0 46188378.4 89461600.0
63710966.0 208162334.8 383375268.0
6198366.0 19540535.6 35788968.0
3524263.0 158409965.0 516092195.0

8318228.0 17594236.0 29974488.0
31377585.0 57442870.6 80490185.0
76047579.0 97518138.2 130094587.0
51381407.0 117038594.2 193986615.0
12056817.0 45194819.8 65821389.0

17119748.0 40121898.4 65858164.0
7810791.0 45554050.2 74193815.0
6858974.0 99617618.0 200419288.0
15593184.0 41658234.8 78054526.0
13932601.0 60928651.8 154336521.0
