7511206.0 33087894.8 73937698.0
27997167.0 55330861.4 111506189.0
2935219.0 88141710.2 241896777.0
38238338.0 109143312.8 181405314.0
10013666.0 65768223.2 118574916.0

1526698.0 5993427.6 16859892.0
2396678.0 4693587.6 7710984.0
976432.0 5343280.8 12151142.0
1652494.0 4377130.8 8632200.0
665511.0 7218462.2 28039641.0

88640.0 1352929.2 4095148.0
171114.0 2132128.8 6514812.0
571072.0 5607283.6 15598402.0
35424.0 7177413.6 22742912.0
1644219.0 11014090.2 29497291.0

826248.0 3610415.2 9632272.0
39789.0 3362730.6 14742117.0
1628481.0 2858882.2 4596725.0
501287.0 13861920.2 40828233.0
385589.0 1349413.4 4328477.0

912986.0 3400467.2 9716334.0
206149.0 3830116.2 6069981.0
42532.0 1150453.2 3312048.0
992118.0 4296489.2 9260428.0
251649.0 4698419.8 9995975.0
