1257426.0 1257426.0 1257426.0
3142889.0 3142889.0 3142889.0
49741.0 49741.0 49741.0
758098.0 758098.0 758098.0
36172.0 36172.0 36172.0
26478.0 100484.8 248674.0
31114.0 105667.6 315768.0
6460.0 79470.0 213552.0
29904.0 174823.6 421966.0
1535.0 97571.8 255111.0
29952.0 165968.8 436888.0
6244.0 78613.2 141240.0
2420.0 95746.8 315150.0
13632.0 78292.4 246158.0
136463.0 287081.8 408097.0
112346.0 281467.6 475826.0
57527.0 138868.2 402971.0
27083.0 246204.2 541755.0
9929.0 64941.8 113191.0
32721.0 123585.8 318265.0
5880.0 124635.6 358788.0
655.0 45752.2 110017.0
25984.0 227076.4 445252.0
29738.0 86632.0 157822.0
43187.0 141986.6 379665.0
